"0","#install.packages(""forecast"")"
"0","library(forecast)"
